{'cam1_ext': array([[-1.        ,  0.        ,  0.        ,  0.5       ],
       [ 0.        ,  0.69670671, -0.71735609, -0.16358337],
       [ 0.        , -0.71735609, -0.69670671,  3.32614499],
       [ 0.        ,  0.        ,  0.        ,  1.        ]]), 
  'cam2_ext': array([[ 2.27202095e-01, -2.05283025e-17,  9.73847631e-01,
        -7.40054553e-01],
       [-6.98595530e-01,  6.96706709e-01,  1.62984806e-01,
        -9.77344636e-02],
       [-6.78486178e-01, -7.17356091e-01,  1.58293224e-01,
         3.39009841e+00],
       [ 0.00000000e+00,  0.00000000e+00,  0.00000000e+00,
         1.00000000e+00]]), 
  'cam3_ext': array([[ 2.27202095e-01,  2.05283025e-17, -9.73847631e-01,
         6.26453506e-01],
       [ 6.98595530e-01,  6.96706709e-01,  1.62984806e-01,
        -4.47032228e-01],
       [ 6.78486178e-01, -7.17356091e-01,  1.58293224e-01,
         3.05085532e+00],
       [ 0.00000000e+00,  0.00000000e+00,  0.00000000e+00,
         1.00000000e+00]]), 
  'cam4_ext': array([[ 9.99998732e-01, -1.28599977e-19,  1.59265292e-03,
        -4.97132591e-01],
       [-1.14249927e-03,  6.96706709e-01,  7.17355181e-01,
        -4.49956198e-01],
       [-1.10961197e-03, -7.17356091e-01,  6.96705826e-01,
         3.04801552e+00],
       [ 0.00000000e+00,  0.00000000e+00,  0.00000000e+00,
         1.00000000e+00]]), 
  'intrinsic': array([[-1.11304348e+03, -0.00000000e+00,  2.56011130e+02],
       [ 0.00000000e+00,  1.11304348e+03,  2.56011130e+02],
       [ 0.00000000e+00,  0.00000000e+00,  1.00000000e+00]])}